-0.020431
0.00832178
0.0212958
0.0104781
0.0430267
0.0319688
0.035354
0.00926146
-0.00976893
0.00909934
0.0134534
0.0277669
0.00178259
0.0210581
0.011653
0.00651999
0.00199355
-0.0235251
0.0167261
0.0136575
0.00355753
0.00970004
0.0109303
0.0164663
0.0319319
0.0520658
0.0275055
0.0286959
-0.00637385
0.0340139
0.0525328
0.0312172
-0.0388423
0.0124285
0.00651913
0.0013613
0.0148968
-0.0127411
-0.0330295
-0.0136592
-0.00243429
-0.0282888
-0.0543325
-0.0111605
-0.00337782
-0.0247642
-0.029027
-0.0185733
0.00168492
-0.00422595
-0.0294628
0.0123533
-0.0747024
-0.0238504
-0.0157757
-0.0132158
-0.0595174
-0.0213799
-0.00206118
-0.0334503
-0.0156386
-0.0141058
-0.021393
-0.0268912
-0.0193007
-0.0163052
-0.0823194
-0.00633968
1.60147e-05
-0.0139976
0.00134486
-0.00758914
-0.0368231
-0.0395706
-0.0163913
-0.0179613
0.0163562
0.00111914
0.0102105
-0.00855684
-0.00283223
0.0245416
0.0306119
0.000882214
0.0209501
0.0178442
-0.017706
-0.00342062
0.0215015
-0.0145192
-0.0202725
0.00918373
-0.00516552
0.02369
-0.0297331
0.00068445
-0.021089
-0.00290268
0.00364881
-0.00443009
0.000777697
0.0325424
-0.0247599
-0.016867
0.0458985
0.0560158
0.0291322
-0.00382527
0.0021502
-0.00608887
0.0122985
0.0191414
0.040414
0.0417088
0.0348876
0.00310331
0.0102153
0.012024
0.00333001
-0.00600177
0.0433295
0.0261174
0.0250391
0.0225199
-0.0137955
0.0397019
0.0104806
0.0436427
-0.0109636
-0.0221554
6.70098e-05
0.00766414
0.00759124
-0.00621469
0.00626345
-0.00979076
-0.0135179
-0.0241251
0.0123371
0.0169208
-0.0175259
0.0200299
0.0383607
0.0197718
0.0147154
0.0510904
0.0067266
0.0440807
0.0494315
0.0357181
-0.0187549
-0.0235434
0.0477957
-0.00119858
0.0105862
0.00397173
0.00439129
-0.0162241
-0.032654
-0.0133396
-0.00931341
0.0186235
-0.0385081
-0.00514364
-0.00876729
0.0244995
-0.0386815
0.0172906
-0.019895
0.0110898
0.00827848
0.014279
-0.0264893
0.015907
0.0175138
0.0110661
-0.0225485
-0.00665218
-0.0083265
-0.015179
-0.0370569
-0.0284921
-0.023819
-0.0557762
-0.00801725
-0.0220271
-0.0265118
-0.00373133
-0.0230875
-0.0284073
-0.0406358
-0.0435639
0.0633702
-0.0135716
0.0811934
0.026761
0.0123395
-0.00217267
-0.0181588
0.012032
-0.027645
0.00697095
0.057609
0.00171696
0.0381898
-0.00430594
0.0169919
0.0139389
0.0311843
0.0285714
-0.0172519
0.00767744
-0.00573722
0.00544325
0.00636473
-0.0141013
-0.00132153
0.0034358
-0.0161899
-0.00739848
0.00373393
0.031644
0.0250695
0.0305736
0.0365152
0.0910813
0.0643829
0.0654931
0.0488657
0.0562799
0.0511648
0.0871616
0.0421892
0.0396756
0.0556898
0.0558264
0.0426915
0.0476795
0.0431677
0.0765429
0.0568724
0.0514678
0.0299583
-0.0240588
0.00851646
0.0503675
0.0278908
0.048996
-0.0140513
0.0446122
0.0281399
0.0263761
-0.00753335
0.0279369
0.00408955
0.0311142
-0.0925525
-0.0822275
-0.100653
-0.0687962
-0.0696676
-0.0907778
-0.0816401
-0.0968508
-0.0326367
-0.0191343
-0.0581186
-0.0893147
-0.111563
-0.0614747
-0.0419339
-0.0553427
-0.0354486
-0.0314234
-0.0683172
-0.0607189
-0.0545848
-0.0421635
-0.0464067
-0.0130253
-0.0688494
-0.0232554
-0.0666288
-0.0919203
-0.0538624
-0.0999725
-0.0386876
-0.0523205
-0.0328958
0.00136952
0.0169666
0.0325062
0.00398554
0.0345107
0.0317108
0.0167895
-0.0228043
0.000825192
-0.00800472
0.0168252
-0.0190985
-0.0165942
-0.0273626
-0.0155579
0.0217321
0.0347696
0.0150308
0.0381533
-0.0456614
-0.0252239
-0.0177059
-0.0249018
0.00481917
0.00946615
-0.0200785
-0.0325183
0.00207208
0.00306146
-0.00913241
-0.0163615
