 0  0 70.008 0.01651    90086.8
 0  1 70.022 0.04906    90036.4
 0  2  70.39  0.0089    89998.4
 0  3 70.394 0.01567    90121.6
 0  4  70.33 0.02592    90031.2
 0  5 70.336 0.02943    89991.6
 0  6  70.29 0.02145    90088.8
 0  7  70.29 0.01518    90090.4
 0  8  70.34 0.02322    90103.2
 0  9 70.342 0.01414    89990.8
 0 10 70.103 0.01527    90078.4
 0 11  70.12 0.02028    90090.4
 0 12 70.428 0.01617    90078.8
 0 13  70.43 0.008492    90065.2
 0 14 70.305 0.007008    90139.6
 0 15 70.348 0.03035      90124
 0 16   70.3 0.01747      90032
 0 17   70.3 0.00045    90069.6
 0 18  70.14 0.005675      90074
 0 19  70.15 0.007517    90007.2
 0 20  70.21 0.02183    89990.4
 0 21  70.21 0.02293    90034.8
 0 22  70.12 0.04342    90113.2
 0 23  70.12 0.04121    90099.6
 0 24 70.238 0.01262    90081.2
 0 25  70.24 0.008583    90085.6
 0 26  70.21 0.007633    90068.8
 0 27  70.21 0.009883    90087.2
 0 28  70.17 0.01283    90086.4
 0 29  70.17 0.03677      90050
 0 30  70.09 -0.008717    90088.8
 0 31  70.09 0.04337    90033.6
 1  0 70.443  0.0079    90027.2
 1  1  70.45 0.04386    89922.8
 1  2  69.85 0.04482    89762.8
 1  3 69.874 0.04888      89930
 1  4  70.27 0.05357    89929.6
 1  5  70.27 0.04954    89899.6
 1  6  70.17 0.04564    89998.8
 1  7 70.176   0.046    89923.2
 1  8  70.09 0.05396      89958
 1  9  70.09 0.006183    89970.4
 1 10  70.03 0.003992    89980.4
 1 11  70.03 0.003583      89828
 1 12  69.96 0.008667    90004.8
 1 13  69.97 0.01094    90003.6
 1 14  70.05 0.01153    89996.4
 1 15  70.05 0.05163    89937.6
 1 16  70.19 0.04678    89919.2
 1 17  70.22 0.01614      90034
 1 18  70.31 0.01503      90008
 1 19  70.31 0.00405    89965.6
 1 20  70.18 0.006783    90048.8
 1 21  70.18 0.01618    89968.8
 1 22  70.06  0.0224    89939.2
 1 23  70.06 0.01146    90002.8
 1 24  69.98 0.02023      89886
 1 25  69.98  0.0196      89912
 1 26 69.855 0.00045    90015.2
 1 27 69.862 0.04754    89941.2
 1 28 69.785 0.006392    89924.4
 1 29  69.79 0.04978    89941.6
 1 30  69.65 0.02902    89999.2
 1 31 69.678 0.009808      89970
 2  0  70.35 0.03153    89881.6
 2  1 70.352 0.08897    89950.4
 2  2  70.22  0.1481    89991.6
 2  3  70.22  0.1374      89990
 2  4   70.1 0.01854      89946
 2  5   70.1 0.07535    90053.6
 2  6     70  0.1156    90024.4
 2  7 70.004 0.09462    89954.8
 2  8 70.383 0.02285    89866.4
 2  9  70.39 0.01557    89950.4
 2 10  70.25 0.09728    89845.6
 2 11  70.25   0.017    89921.6
 2 12  70.13 0.01832    89949.6
 2 13  70.13 0.02268    89896.8
 2 14  70.04 0.02686      89902
 2 15  70.04 0.03128    89866.4
 2 16  70.21 0.02328    89879.2
 2 17  70.21 0.02387    89516.8
 2 18  70.17 0.09746      89822
 2 19  70.17 0.02851    89853.2
 2 20 70.295 0.09412      89894
 2 21   70.3 0.02768    89837.6
 2 22  70.26 0.01887      89952
 2 23  70.26 0.01323    89891.2
 2 24 70.493 0.02129    89874.8
 2 25 70.392 0.01528    89943.2
 2 26  70.34 0.02542      89854
 2 27  70.34 0.02298    89867.6
 2 28 70.043 0.02541    89862.8
 2 29  70.06  0.1058      89948
 2 30   70.4  0.1003    89915.2
 2 31   70.4 0.08131      89882
 3  0  70.03 0.02051    90075.6
 3  1 70.036 0.04691    90000.4
 3  2  69.98 0.009617      89972
 3  3  69.99 0.004392    90058.8
 3  4  70.09 0.05418    89981.6
 3  5  70.09 0.003058    90103.6
 3  6 69.975  0.0515      90032
 3  7  69.98 0.00775      89996
 3  8 69.895 0.005817      90004
 3  9 69.926 0.006192    90002.8
 3 10 70.275 0.02466      89974
 3 11  70.28  0.0157    89982.4
 3 12  70.18 0.02322    89976.8
 3 13  70.18 0.002542    90037.2
 3 14  70.09 0.008717    90023.2
 3 15   70.1 0.005733      89984
 3 16  70.17 0.02574    89989.2
 3 17 70.156 0.05671      89954
 3 18   70.3 0.005817    89976.8
 3 19   70.3 0.005992    89985.2
 3 20 70.215 0.05118    89955.6
 3 21  70.22 0.04897    89950.4
 3 22  70.12 0.01614    89984.4
 3 23 70.126 0.01816      90022
 3 24  70.13  0.0526    89918.4
 3 25 70.134  0.0067    89908.8
 3 26  70.35 0.05707    89924.8
 3 27  70.35 0.05344    90005.2
 3 28  70.43  0.0578    89923.2
 3 29 70.436 0.04939      89934
 3 30  70.24 0.05694    89928.4
 3 31 70.244 0.04665    89936.8
 4  0 69.873 0.03397    90070.4
 4  1 69.888 0.03178    90080.4
 4  2 69.713 0.02078    90117.2
 4  3 69.726 0.05119      90022
 4  4   69.7 0.01634    90080.4
 4  5 69.688 0.001692    90041.2
 4  6 69.575 -0.002042      90054
 4  7 69.542 0.01271    89990.8
 4  8  70.01  0.0018    90009.6
 4  9  70.01 0.009017    90018.4
 4 10  69.79 0.00465    89994.4
 4 11   69.8 -0.007783    90032.8
 4 12  69.87 0.01259    90049.2
 4 13  69.87 0.02456      89950
 4 14 69.763 0.02222    89973.6
 4 15 69.772 0.001167      90008
 4 16  70.36 0.01633    89963.2
 4 17  70.36   0.006      90000
 4 18 70.233 0.03733    90002.8
 4 19  70.24 0.04214    90024.4
 4 20  70.22 0.04484    90048.4
 4 21 70.226 0.04842    89970.4
 4 22   70.1 0.03552      90092
 4 23 70.106 0.06862    90016.8
 4 24  70.45 0.007008    90016.4
 4 25 70.462 0.02063    89996.4
 4 26  70.31 0.002975      90026
 4 27  70.31  0.0216    89987.2
 4 28  70.18 0.005625    90034.8
 4 29  70.18  0.0037      90024
 4 30  70.06 0.001217    90055.2
 4 31  70.07 0.01879    89969.2
 5  0 70.073 0.01242    90074.8
 5  1  70.08 0.01855    89999.2
 5  2 70.405 0.02307    89979.2
 5  3  70.41 0.01219    90041.2
 5  4 70.325 0.02262    89951.2
 5  5  70.33 0.01873      90016
 5  6  70.29 0.01905    89970.4
 5  7  70.29 0.02989    89996.4
 5  8  70.32 0.03752    89941.6
 5  9  70.32 0.03567    89883.2
 5 10 70.525 0.01405    90034.4
 5 11 70.502 0.008925    89985.2
 5 12  70.37 0.01157    90022.8
 5 13 70.374  0.0092      89992
 5 14 70.243 0.03978    90008.8
 5 15  70.26 0.01232    89986.4
 5 16  70.28 0.009008    89971.6
 5 17  70.28 0.01515    89936.8
 5 18  70.47 -0.0007417    89652.4
 5 19  70.48 0.01298    89934.8
 5 20  70.19 0.007767    89972.8
 5 21 70.194 0.007842    89958.8
 5 22  70.11 0.04062    89903.2
 5 23  70.11 0.004208    89965.2
 5 24  70.23 0.01377      89946
 5 25  70.23 0.03526    89978.8
 5 26   70.2 0.02871    89955.6
 5 27   70.2 0.004933    89963.2
 5 28  70.08 0.01913    89927.6
 5 29  70.08 0.01708    89968.8
 5 30 70.158  0.0222      89944
 5 31  70.16 -0.0004    89977.6
 6  0  69.94  0.1114    89984.8
 6  1  69.96 0.07897      89938
 6  2 69.653 0.09451    89955.6
 6  3 69.718  0.1305    89927.6
 6  4  70.25 0.09806      89942
 6  5 70.252 0.09252    89868.4
 6  6 70.148  0.1038    90042.4
 6  7  70.15  0.1263    89937.2
 6  8  70.07 0.09433    89899.2
 6  9 70.072  0.1022    89956.4
 6 10  70.02  0.1127      89960
 6 11  70.02  0.0928    89899.2
 6 12 69.945 0.07628      90018
 6 13  69.95 0.02254    89883.6
 6 14  70.05  0.1381    89977.2
 6 15 70.056  0.1126    89941.2
 6 16 69.748 0.02012    89903.2
 6 17 69.766 0.02442    89887.2
 6 18  70.27  0.1184    89988.8
 6 19  70.27  0.1049    89960.4
 6 20  70.13  0.1241    89910.4
 6 21  70.13 0.08841    89955.6
 6 22  70.05  0.1125    89911.6
 6 23  70.04  0.1058    89974.8
 6 24 69.918 0.08603    89931.2
 6 25 69.922 0.09223    89945.6
 6 26  69.82 0.07027    89929.6
 6 27  69.83  0.1026    89897.6
 6 28 69.733 0.01598    89872.8
 6 29 69.746 0.08939    89956.4
 6 30  69.62 0.07888    89946.4
 6 31 69.626 0.09507    89913.6
 7  0  70.31 0.01353    90015.6
 7  1 70.316 0.01537    90036.8
 7  2 70.185 0.01733      90008
 7  3  70.19 0.03703    90067.2
 7  4  70.07 0.02076      90014
 7  5  70.07  0.0021      90056
 7  6   69.9 0.01191    90115.6
 7  7   69.9 0.0006417    90080.4
 7  8 70.363 0.002283      90084
 7  9  70.37 0.01228    90075.6
 7 10 70.178 0.04545    90136.8
 7 11 70.182 0.04354    90037.2
 7 12  70.23 0.03079    90129.2
 7 13  70.23 0.01471    90096.4
 7 14  70.11 0.01363    90012.4
 7 15  70.11 0.05089    90028.4
 7 16 70.203 0.01987    90387.2
 7 17  70.21 0.01845    90367.2
 7 18  70.16 0.01214    90414.8
 7 19 70.162 0.01153    90399.6
 7 20  70.29  0.0226      90368
 7 21  70.29 0.01146    90441.2
 7 22  70.26 0.02105      90356
 7 23 70.262  0.1043    90381.2
 7 24 70.273 0.05903    90329.2
 7 25 70.288 0.09428      90372
 7 26  70.33  0.1091    90408.8
 7 27  70.33 0.01417    90350.8
 7 28   70.1 0.003875    90381.2
 7 29  70.09 0.006917      90388
 7 30 70.418 0.01581    90390.8
 7 31  70.42 0.008383      90460
 8  0 70.028  0.1118    89931.2
 8  1  70.03 0.02312      89964
 8  2  69.93 0.01272      89876
 8  3 69.934 0.01908    89957.6
 8  4  70.08 0.01863    89859.2
 8  5 70.086 0.02058    89931.6
 8  6  69.96 0.02894    89854.8
 8  7  69.95 0.01264    89848.4
 8  8  69.73 0.02687    89822.8
 8  9 69.736 0.02296    89825.2
 8 10  70.26 0.02319    89796.4
 8 11  70.26 0.02869    89783.6
 8 12  70.15 0.03012    89823.2
 8 13  70.15 0.02671    89800.4
 8 14  70.08  0.0189    89868.8
 8 15  70.08 0.01989    89849.2
 8 16 70.483 0.02812    89777.2
 8 17  70.49 0.02246    89778.8
 8 18  70.28 0.02738    89784.8
 8 19 70.282 0.01957    89742.4
 8 20   70.2 0.01951    89862.8
 8 21   70.2 0.02232      89782
 8 22 70.118 0.01676    89882.8
 8 23  70.12 0.09692    89932.4
 8 24 69.563  0.0186    89844.8
 8 25 69.612 0.003267    90012.8
 8 26  70.32 0.09218    89832.8
 8 27  70.32 0.01415    89863.2
 8 28  70.38 0.08834    89814.8
 8 29  70.38 0.01501    89851.6
 8 30  70.23 0.02316    89841.2
 8 31  70.23 0.01806      89830
 9  0 70.018 0.001408    90069.2
 9  1  70.02  0.0947    89982.4
 9  2  69.81 0.09078    89959.2
 9  3 69.816  0.1033    89987.2
 9  4 69.588 0.08877    89998.4
 9  5   69.6    0.12    89998.8
 9  6 69.635 0.08154    90053.2
 9  7  69.67  0.1027    90054.8
 9  8 69.903   0.118      89990
 9  9  69.91  0.1156    90001.6
 9 10  69.76  0.1019    89970.4
 9 11  69.75 0.08594    89915.6
 9 12  69.85 0.01857    90001.6
 9 13  69.84 0.02863    89900.4
 9 14  69.78 0.02478      89906
 9 15  69.78 0.07913    89902.4
 9 16   69.8 0.07915    90021.6
 9 17 69.826  0.1064    89943.6
 9 18  70.32  0.1022    89905.2
 9 19  70.32  0.1552    90102.8
 9 20  70.19 0.06513    89867.2
 9 21  70.19 0.08302    89885.6
 9 22  70.07 0.02201    89944.4
 9 23  70.07 0.09143      89886
 9 24 69.985 0.07668    89979.6
 9 25 69.994  0.1076    89959.2
 9 26  70.27 0.01372    89965.6
 9 27  70.27 0.09527      89898
 9 28  70.14  0.1039    89899.6
 9 29  70.14  0.1087    89924.4
 9 30  70.05 0.01031    89960.4
 9 31  70.05  0.0055    89971.2
10  0      0      0 90000
10  1      0      0 90000
10  2      0      0 90000
10  3      0      0 90000
10  4      0      0 90000
10  5      0      0 90000
10  6      0      0 90000
10  7      0      0 90000
10  8      0      0 90000
10  9      0      0 90000
10 10      0      0 90000
10 11      0      0 90000
10 12      0      0 90000
10 13      0      0 90000
10 14      0      0 90000
10 15      0      0 90000
10 16      0      0 90000
10 17      0      0 90000
10 18      0      0 90000
10 19      0      0 90000
10 20      0      0 90000
10 21      0      0 90000
10 22      0      0 90000
10 23      0      0 90000
10 24      0      0 90000
10 25      0      0 90000
10 26      0      0 90000
10 27      0      0 90000
10 28      0      0 90000
10 29      0      0 90000
10 30      0      0 90000
10 31      0      0 90000
11  0      0      0 90000
11  1      0      0 90000
11  2      0      0 90000
11  3      0      0 90000
11  4      0      0 90000
11  5      0      0 90000
11  6      0      0 90000
11  7      0      0 90000
11  8      0      0 90000
11  9      0      0 90000
11 10      0      0 90000
11 11      0      0 90000
11 12      0      0 90000
11 13      0      0 90000
11 14      0      0 90000
11 15      0      0 90000
11 16      0      0 90000
11 17      0      0 90000
11 18      0      0 90000
11 19      0      0 90000
11 20      0      0 90000
11 21      0      0 90000
11 22      0      0 90000
11 23      0      0 90000
11 24      0      0 90000
11 25      0      0 90000
11 26      0      0 90000
11 27      0      0 90000
11 28      0      0 90000
11 29      0      0 90000
11 30      0      0 90000
11 31      0      0 90000
12  0      0      0 90000
12  1      0      0 90000
12  2      0      0 90000
12  3      0      0 90000
12  4      0      0 90000
12  5      0      0 90000
12  6      0      0 90000
12  7      0      0 90000
12  8      0      0 90000
12  9      0      0 90000
12 10      0      0 90000
12 11      0      0 90000
12 12      0      0 90000
12 13      0      0 90000
12 14      0      0 90000
12 15      0      0 90000
12 16      0      0 90000
12 17      0      0 90000
12 18      0      0 90000
12 19      0      0 90000
12 20      0      0 90000
12 21      0      0 90000
12 22      0      0 90000
12 23      0      0 90000
12 24      0      0 90000
12 25      0      0 90000
12 26      0      0 90000
12 27      0      0 90000
12 28      0      0 90000
12 29      0      0 90000
12 30      0      0 90000
12 31      0      0 90000
